131502898847160
2206252508881758625209
37014774892051153211781979578
621004873555318880483130313058459067
307672671899870885521262561237818056124
307672671899870885521262561237818056125
307672671899870885521262561237818056126
307672671899870885521262561237818056127
307672671899870885521262561237818056128
307672671899870885521262561237818056247
307672671899870885521262561237818056248
307672671899870885521262561237818056249
307672671899870885521262561237818056250
307672671899870885521262561237818056251
307672671899870885521262561237818056252
307672671899870885521262561237818056253
307672671899870885521262561237818056254
307672671899870885521262561237818056255
307672671899870885521262561237818056256
307672671899870885521262561237818056311
307672671899870885521262561237818056312
307672671899870885521262561237818056313
307672671899870885521262561237818056314
307672671899870885521262561237818056315
307672671899870885521262561237818056316
307672671899870885521262561237818056317
307672671899870885521262561237818056318
307672671899870885521262561237818056319
307672671899870885521262561237818056320
307672671899870885521262561237818056375
307672671899870885521262561237818056376
307672671899870885521262561237818056377
307672671899870885521262561237818056378
307672671899870885521262561237818056379
307672671899870885521262561237818056380
307672671899870885521262561237818056381
307672671899870885521262561237818056382
307672671899870885521262561237818056383
307672671899870885521262561237818056384
307672671899870885521262561237818056439
307672671899870885521262561237818056440
307672671899870885521262561237818056441
307672671899870885521262561237818056442
307672671899870885521262561237818056443
307672671899870885521262561237818056444
307672671899870885521262561237818056445
307672671899870885521262561237818056446
307672671899870885521262561237818056447
307672671899870885521262561237818056448
307672671899870885521262561237818056503
307672671899870885521262561237818056504
307672671899870885521262561237818056505
307672671899870885521262561237818056506
307672671899870885521262561237818056507
307672671899870885521262561237818056508
307672671899870885521262561237818056509
307672671899870885521262561237818056510
307672671899870885521262561237818056511
307672671899870885521262561237818056512
307672671899870885521262561237818056567
307672671899870885521262561237818056568
307672671899870885521262561237818056569
307672671899870885521262561237818056570
307672671899870885521262561237818056571
307672671899870885521262561237818056572
307672671899870885521262561237818056573
307672671899870885521262561237818056574
307672671899870885521262561237818056575
307672671899870885521262561237818056576
307672671899870885521262561237818056631
307672671899870885521262561237818056632
307672671899870885521262561237818056633
307672671899870885521262561237818056634
307672671899870885521262561237818056635
307672671899870885521262561237818056636
307672671899870885521262561237818056637
307672671899870885521262561237818056638
307672671899870885521262561237818056639
307672671899870885521262561237818056640
307672671899870885521262561237818056695
307672671899870885521262561237818056696
307672671899870885521262561237818056697
307672671899870885521262561237818056698
307672671899870885521262561237818056699
307672671899870885521262561237818056700
307672671899870885521262561237818056701
307672671899870885521262561237818056702
307672671899870885521262561237818056703
307672671899870885521262561237818056704
307672671899870885521262561237818056759
307672671899870885521262561237818056760
307672671899870885521262561237818056761
307672671899870885521262561237818056762
307672671899870885521262561237818056763
307672671899870885521262561237818056764
307672671899870885521262561237818056765
307672671899870885521262561237818056766
307672671899870885521262561237818056767
307672671899870885521262561237818056768
307672671899870885521262561237818064375
307672671899870885521262561237818064376
307672671899870885521262561237818064377
307672671899870885521262561237818064378
307672671899870885521262561237818064379
307672671899870885521262561237818064380
307672671899870885521262561237818064381
307672671899870885521262561237818064382
307672671899870885521262561237818064383
307672671899870885521262561237818064384
307672671899870885521262561237818064439
307672671899870885521262561237818064440
307672671899870885521262561237818064441
307672671899870885521262561237818064442
307672671899870885521262561237818064443
307672671899870885521262561237818064444
307672671899870885521262561237818064445
307672671899870885521262561237818064446
307672671899870885521262561237818064447
307672671899870885521262561237818064448
307672671899870885521262561237818064503
307672671899870885521262561237818064504
307672671899870885521262561237818064505
307672671899870885521262561237818064506
307672671899870885521262561237818064507
307672671899870885521262561237818064508
307672671899870885521262561237818064509
307672671899870885521262561237818064510
307672671899870885521262561237818064511
307672671899870885521262561237818064512
307672671899870885521262561237818064567
307672671899870885521262561237818064568
307672671899870885521262561237818064569
307672671899870885521262561237818064570
307672671899870885521262561237818064571
307672671899870885521262561237818064572
307672671899870885521262561237818064573
307672671899870885521262561237818064574
307672671899870885521262561237818064575
307672671899870885521262561237818064576
307672671899870885521262561237818064631
307672671899870885521262561237818064632
307672671899870885521262561237818064633
307672671899870885521262561237818064634
307672671899870885521262561237818064635
307672671899870885521262561237818064636
307672671899870885521262561237818064637
307672671899870885521262561237818064638
307672671899870885521262561237818064639
307672671899870885521262561237818064640
307672671899870885521262561237818064695
307672671899870885521262561237818064696
307672671899870885521262561237818064697
307672671899870885521262561237818064698
307672671899870885521262561237818064699
307672671899870885521262561237818064700
307672671899870885521262561237818064701
307672671899870885521262561237818064702
307672671899870885521262561237818064703
307672671899870885521262561237818064704
307672671899870885521262561237818064759
307672671899870885521262561237818064760
307672671899870885521262561237818064761
307672671899870885521262561237818064762
307672671899870885521262561237818064763
307672671899870885521262561237818064764
307672671899870885521262561237818064765
307672671899870885521262561237818064766
307672671899870885521262561237818064767
307672671899870885521262561237818064768
307672671899870885521262561237818064823
307672671899870885521262561237818064824
307672671899870885521262561237818064825
307672671899870885521262561237818064826
307672671899870885521262561237818064827
307672671899870885521262561237818064828
307672671899870885521262561237818064829
307672671899870885521262561237818064830
307672671899870885521262561237818064831
307672671899870885521262561237818064832
307672671899870885521262561237818064887
307672671899870885521262561237818064888
307672671899870885521262561237818064889
307672671899870885521262561237818064890
307672671899870885521262561237818064891
307672671899870885521262561237818064892
307672671899870885521262561237818064893
307672671899870885521262561237818064894
307672671899870885521262561237818064895
307672671899870885521262561237818064896
307672671899870885521262561237818064951
307672671899870885521262561237818064952
307672671899870885521262561237818064953
307672671899870885521262561237818064954
307672671899870885521262561237818064955
307672671899870885521262561237818064956
307672671899870885521262561237818064957
307672671899870885521262561237818064958
307672671899870885521262561237818064959
307672671899870885521262561237818064960
307672671899870885521262561237818068471
307672671899870885521262561237818068472
307672671899870885521262561237818068473
307672671899870885521262561237818068474
307672671899870885521262561237818068475
307672671899870885521262561237818068476
307672671899870885521262561237818068477
307672671899870885521262561237818068478
307672671899870885521262561237818068479
307672671899870885521262561237818068480
307672671899870885521262561237818068535
307672671899870885521262561237818068536
307672671899870885521262561237818068537
307672671899870885521262561237818068538
307672671899870885521262561237818068539
307672671899870885521262561237818068540
307672671899870885521262561237818068541
307672671899870885521262561237818068542
307672671899870885521262561237818068543
307672671899870885521262561237818068544
307672671899870885521262561237818068599
307672671899870885521262561237818068600
307672671899870885521262561237818068601
307672671899870885521262561237818068602
307672671899870885521262561237818068603
307672671899870885521262561237818068604
307672671899870885521262561237818068605
307672671899870885521262561237818068606
307672671899870885521262561237818068607
307672671899870885521262561237818068608
307672671899870885521262561237818068663
307672671899870885521262561237818068664
307672671899870885521262561237818068665
307672671899870885521262561237818068666
307672671899870885521262561237818068667
307672671899870885521262561237818068668
307672671899870885521262561237818068669
307672671899870885521262561237818068670
307672671899870885521262561237818068671
307672671899870885521262561237818068672
307672671899870885521262561237818068727
307672671899870885521262561237818068728
307672671899870885521262561237818068729
307672671899870885521262561237818068730
307672671899870885521262561237818068731
307672671899870885521262561237818068732
307672671899870885521262561237818068733
307672671899870885521262561237818068734
307672671899870885521262561237818068735
307672671899870885521262561237818068736
307672671899870885521262561237818068791
307672671899870885521262561237818068792
307672671899870885521262561237818068793
307672671899870885521262561237818068794
307672671899870885521262561237818068795
307672671899870885521262561237818068796
307672671899870885521262561237818068797
307672671899870885521262561237818068798
307672671899870885521262561237818068799
307672671899870885521262561237818068800
307672671899870885521262561237818068855
307672671899870885521262561237818068856
307672671899870885521262561237818068857
307672671899870885521262561237818068858
307672671899870885521262561237818068859
307672671899870885521262561237818068860
307672671899870885521262561237818068861
307672671899870885521262561237818068862
307672671899870885521262561237818068863
307672671899870885521262561237818068864
307672671899870885521262561237818068919
307672671899870885521262561237818068920
307672671899870885521262561237818068921
307672671899870885521262561237818068922
307672671899870885521262561237818068923
307672671899870885521262561237818068924
307672671899870885521262561237818068925
307672671899870885521262561237818068926
307672671899870885521262561237818068927
307672671899870885521262561237818068928
307672671899870885521262561237818068983
307672671899870885521262561237818068984
307672671899870885521262561237818068985
307672671899870885521262561237818068986
307672671899870885521262561237818068987
307672671899870885521262561237818068988
307672671899870885521262561237818068989
307672671899870885521262561237818068990
307672671899870885521262561237818068991
307672671899870885521262561237818068992
307672671899870885521262561237818069047
307672671899870885521262561237818069048
307672671899870885521262561237818069049
307672671899870885521262561237818069050
307672671899870885521262561237818069051
307672671899870885521262561237818069052
307672671899870885521262561237818069053
307672671899870885521262561237818069054
307672671899870885521262561237818069055
307672671899870885521262561237818069056
307672671899870885521262561237818072567
307672671899870885521262561237818072568
307672671899870885521262561237818072569
307672671899870885521262561237818072570
307672671899870885521262561237818072571
307672671899870885521262561237818072572
307672671899870885521262561237818072573
307672671899870885521262561237818072574
307672671899870885521262561237818072575
307672671899870885521262561237818072576
307672671899870885521262561237818072631
307672671899870885521262561237818072632
307672671899870885521262561237818072633
307672671899870885521262561237818072634
307672671899870885521262561237818072635
307672671899870885521262561237818072636
307672671899870885521262561237818072637
307672671899870885521262561237818072638
307672671899870885521262561237818072639
307672671899870885521262561237818072640
307672671899870885521262561237818072695
307672671899870885521262561237818072696
307672671899870885521262561237818072697
307672671899870885521262561237818072698
307672671899870885521262561237818072699
307672671899870885521262561237818072700
307672671899870885521262561237818072701
307672671899870885521262561237818072702
307672671899870885521262561237818072703
307672671899870885521262561237818072704
307672671899870885521262561237818072759
307672671899870885521262561237818072760
307672671899870885521262561237818072761
307672671899870885521262561237818072762
307672671899870885521262561237818072763
307672671899870885521262561237818072764
307672671899870885521262561237818072765
307672671899870885521262561237818072766
307672671899870885521262561237818072767
307672671899870885521262561237818072768
307672671899870885521262561237818072823
307672671899870885521262561237818072824
307672671899870885521262561237818072825
307672671899870885521262561237818072826
307672671899870885521262561237818072827
307672671899870885521262561237818072828
307672671899870885521262561237818072829
307672671899870885521262561237818072830
307672671899870885521262561237818072831
307672671899870885521262561237818072832
307672671899870885521262561237818072887
307672671899870885521262561237818072888
307672671899870885521262561237818072889
307672671899870885521262561237818072890
307672671899870885521262561237818072891
307672671899870885521262561237818072892
307672671899870885521262561237818072893
307672671899870885521262561237818072894
307672671899870885521262561237818072895
307672671899870885521262561237818072896
307672671899870885521262561237818072951
307672671899870885521262561237818072952
307672671899870885521262561237818072953
307672671899870885521262561237818072954
307672671899870885521262561237818072955
307672671899870885521262561237818072956
307672671899870885521262561237818072957
307672671899870885521262561237818072958
307672671899870885521262561237818072959
307672671899870885521262561237818072960
307672671899870885521262561237818073015
307672671899870885521262561237818073016
307672671899870885521262561237818073017
307672671899870885521262561237818073018
307672671899870885521262561237818073019
307672671899870885521262561237818073020
307672671899870885521262561237818073021
307672671899870885521262561237818073022
307672671899870885521262561237818073023
307672671899870885521262561237818073024
307672671899870885521262561237818073079
307672671899870885521262561237818073080
307672671899870885521262561237818073081
307672671899870885521262561237818073082
307672671899870885521262561237818073083
307672671899870885521262561237818073084
307672671899870885521262561237818073085
307672671899870885521262561237818073086
307672671899870885521262561237818073087
307672671899870885521262561237818073088
307672671899870885521262561237818073143
307672671899870885521262561237818073144
307672671899870885521262561237818073145
307672671899870885521262561237818073146
307672671899870885521262561237818073147
307672671899870885521262561237818073148
307672671899870885521262561237818073149
307672671899870885521262561237818073150
307672671899870885521262561237818073151
307672671899870885521262561237818073152
307672671899870885521262561237818076663
307672671899870885521262561237818076664
307672671899870885521262561237818076665
307672671899870885521262561237818076666
307672671899870885521262561237818076667
307672671899870885521262561237818076668
307672671899870885521262561237818076669
307672671899870885521262561237818076670
307672671899870885521262561237818076671
307672671899870885521262561237818076672
307672671899870885521262561237818076727
307672671899870885521262561237818076728
307672671899870885521262561237818076729
307672671899870885521262561237818076730
307672671899870885521262561237818076731
307672671899870885521262561237818076732
307672671899870885521262561237818076733
307672671899870885521262561237818076734
307672671899870885521262561237818076735
307672671899870885521262561237818076736
307672671899870885521262561237818076791
307672671899870885521262561237818076792
307672671899870885521262561237818076793
307672671899870885521262561237818076794
307672671899870885521262561237818076795
307672671899870885521262561237818076796
307672671899870885521262561237818076797
307672671899870885521262561237818076798
307672671899870885521262561237818076799
307672671899870885521262561237818076800
307672671899870885521262561237818076855
307672671899870885521262561237818076856
307672671899870885521262561237818076857
307672671899870885521262561237818076858
307672671899870885521262561237818076859
307672671899870885521262561237818076860
307672671899870885521262561237818076861
307672671899870885521262561237818076862
307672671899870885521262561237818076863
307672671899870885521262561237818076864
307672671899870885521262561237818076919
307672671899870885521262561237818076920
307672671899870885521262561237818076921
307672671899870885521262561237818076922
307672671899870885521262561237818076923
307672671899870885521262561237818076924
307672671899870885521262561237818076925
307672671899870885521262561237818076926
307672671899870885521262561237818076927
307672671899870885521262561237818076928
307672671899870885521262561237818076983
307672671899870885521262561237818076984
307672671899870885521262561237818076985
307672671899870885521262561237818076986
307672671899870885521262561237818076987
307672671899870885521262561237818076988
307672671899870885521262561237818076989
307672671899870885521262561237818076990
307672671899870885521262561237818076991
307672671899870885521262561237818076992
307672671899870885521262561237818077047
307672671899870885521262561237818077048
307672671899870885521262561237818077049
307672671899870885521262561237818077050
307672671899870885521262561237818077051
307672671899870885521262561237818077052
307672671899870885521262561237818077053
307672671899870885521262561237818077054
307672671899870885521262561237818077055
307672671899870885521262561237818077056
307672671899870885521262561237818077111
307672671899870885521262561237818077112
307672671899870885521262561237818077113
307672671899870885521262561237818077114
307672671899870885521262561237818077115
307672671899870885521262561237818077116
307672671899870885521262561237818077117
307672671899870885521262561237818077118
307672671899870885521262561237818077119
307672671899870885521262561237818077120
307672671899870885521262561237818077175
307672671899870885521262561237818077176
307672671899870885521262561237818077177
307672671899870885521262561237818077178
307672671899870885521262561237818077179
307672671899870885521262561237818077180
307672671899870885521262561237818077181
307672671899870885521262561237818077182
307672671899870885521262561237818077183
307672671899870885521262561237818077184
307672671899870885521262561237818077239
307672671899870885521262561237818077240
307672671899870885521262561237818077241
307672671899870885521262561237818077242
307672671899870885521262561237818077243
307672671899870885521262561237818077244
307672671899870885521262561237818077245
307672671899870885521262561237818077246
307672671899870885521262561237818077247
307672671899870885521262561237818077248
307672671899870885521262561237818080759
307672671899870885521262561237818080760
307672671899870885521262561237818080761
307672671899870885521262561237818080762
307672671899870885521262561237818080763
307672671899870885521262561237818080764
307672671899870885521262561237818080765
307672671899870885521262561237818080766
307672671899870885521262561237818080767
307672671899870885521262561237818080768
307672671899870885521262561237818080823
307672671899870885521262561237818080824
307672671899870885521262561237818080825
307672671899870885521262561237818080826
307672671899870885521262561237818080827
307672671899870885521262561237818080828
307672671899870885521262561237818080829
307672671899870885521262561237818080830
307672671899870885521262561237818080831
307672671899870885521262561237818080832
307672671899870885521262561237818080887
307672671899870885521262561237818080888
307672671899870885521262561237818080889
307672671899870885521262561237818080890
307672671899870885521262561237818080891
307672671899870885521262561237818080892
307672671899870885521262561237818080893
307672671899870885521262561237818080894
307672671899870885521262561237818080895
307672671899870885521262561237818080896
307672671899870885521262561237818080951
307672671899870885521262561237818080952
307672671899870885521262561237818080953
307672671899870885521262561237818080954
307672671899870885521262561237818080955
307672671899870885521262561237818080956
307672671899870885521262561237818080957
307672671899870885521262561237818080958
307672671899870885521262561237818080959
307672671899870885521262561237818080960
307672671899870885521262561237818081015
307672671899870885521262561237818081016
307672671899870885521262561237818081017
307672671899870885521262561237818081018
307672671899870885521262561237818081019
307672671899870885521262561237818081020
307672671899870885521262561237818081021
307672671899870885521262561237818081022
307672671899870885521262561237818081023
307672671899870885521262561237818081024
307672671899870885521262561237818081079
307672671899870885521262561237818081080
307672671899870885521262561237818081081
307672671899870885521262561237818081082
307672671899870885521262561237818081083
307672671899870885521262561237818081084
307672671899870885521262561237818081085
307672671899870885521262561237818081086
307672671899870885521262561237818081087
307672671899870885521262561237818081088
307672671899870885521262561237818081143
307672671899870885521262561237818081144
307672671899870885521262561237818081145
307672671899870885521262561237818081146
307672671899870885521262561237818081147
307672671899870885521262561237818081148
307672671899870885521262561237818081149
307672671899870885521262561237818081150
307672671899870885521262561237818081151
307672671899870885521262561237818081152
307672671899870885521262561237818081207
307672671899870885521262561237818081208
307672671899870885521262561237818081209
307672671899870885521262561237818081210
307672671899870885521262561237818081211
307672671899870885521262561237818081212
307672671899870885521262561237818081213
307672671899870885521262561237818081214
307672671899870885521262561237818081215
307672671899870885521262561237818081216
307672671899870885521262561237818081271
307672671899870885521262561237818081272
307672671899870885521262561237818081273
307672671899870885521262561237818081274
307672671899870885521262561237818081275
307672671899870885521262561237818081276
307672671899870885521262561237818081277
307672671899870885521262561237818081278
307672671899870885521262561237818081279
307672671899870885521262561237818081280
307672671899870885521262561237818081335
307672671899870885521262561237818081336
307672671899870885521262561237818081337
307672671899870885521262561237818081338
307672671899870885521262561237818081339
307672671899870885521262561237818081340
307672671899870885521262561237818081341
307672671899870885521262561237818081342
307672671899870885521262561237818081343
307672671899870885521262561237818081344
307672671899870885521262561237818084855
307672671899870885521262561237818084856
307672671899870885521262561237818084857
307672671899870885521262561237818084858
307672671899870885521262561237818084859
307672671899870885521262561237818084860
307672671899870885521262561237818084861
307672671899870885521262561237818084862
307672671899870885521262561237818084863
307672671899870885521262561237818084864
307672671899870885521262561237818084919
307672671899870885521262561237818084920
307672671899870885521262561237818084921
307672671899870885521262561237818084922
307672671899870885521262561237818084923
307672671899870885521262561237818084924
307672671899870885521262561237818084925
307672671899870885521262561237818084926
307672671899870885521262561237818084927
307672671899870885521262561237818084928
307672671899870885521262561237818084983
307672671899870885521262561237818084984
307672671899870885521262561237818084985
307672671899870885521262561237818084986
307672671899870885521262561237818084987
307672671899870885521262561237818084988
307672671899870885521262561237818084989
307672671899870885521262561237818084990
307672671899870885521262561237818084991
307672671899870885521262561237818084992
307672671899870885521262561237818085047
307672671899870885521262561237818085048
307672671899870885521262561237818085049
307672671899870885521262561237818085050
307672671899870885521262561237818085051
307672671899870885521262561237818085052
307672671899870885521262561237818085053
307672671899870885521262561237818085054
307672671899870885521262561237818085055
307672671899870885521262561237818085056
307672671899870885521262561237818085111
307672671899870885521262561237818085112
307672671899870885521262561237818085113
307672671899870885521262561237818085114
307672671899870885521262561237818085115
307672671899870885521262561237818085116
307672671899870885521262561237818085117
307672671899870885521262561237818085118
307672671899870885521262561237818085119
307672671899870885521262561237818085120
307672671899870885521262561237818085175
307672671899870885521262561237818085176
307672671899870885521262561237818085177
307672671899870885521262561237818085178
307672671899870885521262561237818085179
307672671899870885521262561237818085180
307672671899870885521262561237818085181
307672671899870885521262561237818085182
307672671899870885521262561237818085183
307672671899870885521262561237818085184
307672671899870885521262561237818085239
307672671899870885521262561237818085240
307672671899870885521262561237818085241
307672671899870885521262561237818085242
307672671899870885521262561237818085243
307672671899870885521262561237818085244
307672671899870885521262561237818085245
307672671899870885521262561237818085246
307672671899870885521262561237818085247
307672671899870885521262561237818085248
307672671899870885521262561237818085303
307672671899870885521262561237818085304
307672671899870885521262561237818085305
307672671899870885521262561237818085306
307672671899870885521262561237818085307
307672671899870885521262561237818085308
307672671899870885521262561237818085309
307672671899870885521262561237818085310
307672671899870885521262561237818085311
307672671899870885521262561237818085312
307672671899870885521262561237818085367
307672671899870885521262561237818085368
307672671899870885521262561237818085369
307672671899870885521262561237818085370
307672671899870885521262561237818085371
307672671899870885521262561237818085372
307672671899870885521262561237818085373
307672671899870885521262561237818085374
307672671899870885521262561237818085375
307672671899870885521262561237818085376
307672671899870885521262561237818085431
307672671899870885521262561237818085432
307672671899870885521262561237818085433
307672671899870885521262561237818085434
307672671899870885521262561237818085435
307672671899870885521262561237818085436
307672671899870885521262561237818085437
307672671899870885521262561237818085438
307672671899870885521262561237818085439
307672671899870885521262561237818085440
307672671899870885521262561237818088951
307672671899870885521262561237818088952
307672671899870885521262561237818088953
307672671899870885521262561237818088954
307672671899870885521262561237818088955
307672671899870885521262561237818088956
307672671899870885521262561237818088957
307672671899870885521262561237818088958
307672671899870885521262561237818088959
307672671899870885521262561237818088960
307672671899870885521262561237818089015
307672671899870885521262561237818089016
307672671899870885521262561237818089017
307672671899870885521262561237818089018
307672671899870885521262561237818089019
307672671899870885521262561237818089020
307672671899870885521262561237818089021
307672671899870885521262561237818089022
307672671899870885521262561237818089023
307672671899870885521262561237818089024
307672671899870885521262561237818089079
307672671899870885521262561237818089080
307672671899870885521262561237818089081
307672671899870885521262561237818089082
307672671899870885521262561237818089083
307672671899870885521262561237818089084
307672671899870885521262561237818089085
307672671899870885521262561237818089086
307672671899870885521262561237818089087
307672671899870885521262561237818089088
307672671899870885521262561237818089143
307672671899870885521262561237818089144
307672671899870885521262561237818089145
307672671899870885521262561237818089146
307672671899870885521262561237818089147
307672671899870885521262561237818089148
307672671899870885521262561237818089149
307672671899870885521262561237818089150
307672671899870885521262561237818089151
307672671899870885521262561237818089152
307672671899870885521262561237818089207
307672671899870885521262561237818089208
307672671899870885521262561237818089209
307672671899870885521262561237818089210
307672671899870885521262561237818089211
307672671899870885521262561237818089212
307672671899870885521262561237818089213
307672671899870885521262561237818089214
307672671899870885521262561237818089215
307672671899870885521262561237818089216
307672671899870885521262561237818089271
307672671899870885521262561237818089272
307672671899870885521262561237818089273
307672671899870885521262561237818089274
307672671899870885521262561237818089275
307672671899870885521262561237818089276
307672671899870885521262561237818089277
307672671899870885521262561237818089278
307672671899870885521262561237818089279
307672671899870885521262561237818089280
307672671899870885521262561237818089335
307672671899870885521262561237818089336
307672671899870885521262561237818089337
307672671899870885521262561237818089338
307672671899870885521262561237818089339
307672671899870885521262561237818089340
307672671899870885521262561237818089341
307672671899870885521262561237818089342
307672671899870885521262561237818089343
307672671899870885521262561237818089344
307672671899870885521262561237818089399
307672671899870885521262561237818089400
307672671899870885521262561237818089401
307672671899870885521262561237818089402
307672671899870885521262561237818089403
307672671899870885521262561237818089404
307672671899870885521262561237818089405
307672671899870885521262561237818089406
307672671899870885521262561237818089407
307672671899870885521262561237818089408
307672671899870885521262561237818089463
307672671899870885521262561237818089464
307672671899870885521262561237818089465
307672671899870885521262561237818089466
307672671899870885521262561237818089467
307672671899870885521262561237818089468
307672671899870885521262561237818089469
307672671899870885521262561237818089470
307672671899870885521262561237818089471
307672671899870885521262561237818089472
307672671899870885521262561237818089527
307672671899870885521262561237818089528
307672671899870885521262561237818089529
307672671899870885521262561237818089530
307672671899870885521262561237818089531
307672671899870885521262561237818089532
307672671899870885521262561237818089533
307672671899870885521262561237818089534
307672671899870885521262561237818089535
307672671899870885521262561237818089536
307672671899870885521262561237818093047
307672671899870885521262561237818093048
307672671899870885521262561237818093049
307672671899870885521262561237818093050
307672671899870885521262561237818093051
307672671899870885521262561237818093052
307672671899870885521262561237818093053
307672671899870885521262561237818093054
307672671899870885521262561237818093055
307672671899870885521262561237818093056
307672671899870885521262561237818093111
307672671899870885521262561237818093112
307672671899870885521262561237818093113
307672671899870885521262561237818093114
307672671899870885521262561237818093115
307672671899870885521262561237818093116
307672671899870885521262561237818093117
307672671899870885521262561237818093118
307672671899870885521262561237818093119
307672671899870885521262561237818093120
307672671899870885521262561237818093175
307672671899870885521262561237818093176
307672671899870885521262561237818093177
307672671899870885521262561237818093178
307672671899870885521262561237818093179
307672671899870885521262561237818093180
307672671899870885521262561237818093181
